 2
118
10
117
ffff
 4
99
42
123
ffff
 2
100
85
40
ffff
 1
112
70
79
21
 2
 4
91
ffff
 3
79
21
 2
113
ffff
 2
86
22
 1
ffff
 2
10
110
21
 2
64
24
ffff
 2
113
17
65
ffff
 2
84
34
21
 2
108
86
ffff
 1
 3
77
ffff
 3
30
108
17
ffff
 2
67
75
ffff
 2
41
80
59
ffff
 2
107
26
78
ffff
 3
74
53
10
101
ffff
 2
47
125
ffff
 3
128
71
112
70
114
31
121
12
ffff
 2
43
18
21
 2
41
17
ffff
 2
104
25
21
 2
 6
 9
ffff
 3
14
111
67
56
ffff
 3
 5
34
109
74
ffff
 2
10
90
16
ffff
 2
 7
21
 2
108
98
ffff
 3
87
21
 2
80
59
71
ffff
 3
115
34
21
 2
11
35
ffff
 1
120
47
ffff
 2
102
38
21
 2
64
58
ffff
 2
 5
34
21
 2
108
54
ffff
 2
73
13
21
 2
 4
46
ffff
 3
115
80
66
22
ffff
 2
112
70
23
ffff
 2
123
13
21
 2
27
116
ffff
 3
64
103
77
ffff
 2
77
22
38
ffff
 2
35
28
ffff
 3
36
56
67
76
ffff
 1
103
61
ffff
 2
24
79
21
 2
108
103
ffff
 1
114
31
106
30
ffff
 2
89
118
78
ffff
 3
92
95
10
110
ffff
 2
13
19
29
115
88
ffff
 2
107
96
90
ffff
 3
 9
94
17
ffff
 1
41
114
31
 9
ffff
 3
114
31
119
49
102
ffff
 2
48
29
121
ffff
 2
78
116
21
 2
64
42
ffff
 3
 9
126
122
ffff
 2
64
 6
112
70
ffff
 4
40
112
105
ffff
 2
76
37
29
ffff
0
11
21
 2
 4
112
70
ffff
 1
65
97
ffff
 3
46
58
92
ffff
 1
91
55
ffff
 2
68
13
21
 2
80
66
ffff
 2
74
15
16
ffff
 1
11
21
 2
 4
112
ffff
 2
54
121
ffff
 3
48
29
19
15
ffff
 1
86
22
38
21
 2
ffff
 3
35
47
11
49
ffff
 3
99
28
50
ffff
 1
97
21
 2
80
ffff
 3
127
21
 2
 4
112
105
ffff
 1
73
112
70
79
ffff
 1
13
19
58
26
ffff
 3
14
66
10
101
ffff
 2
 3
75
21
 2
 6
85
ffff
 2
62
10
110
21
 2
64
ffff
 1
75
21
 2
82
ffff
 3
81
51
14
ffff
 3
 4
112
99
47
ffff
 1
 4
112
70
114
31
119
ffff
 3
126
45
13
19
57
ffff
 2
73
112
70
38
ffff
 2
 2
 4
112
ffff
 3
53
82
75
ffff
 2
106
84
ffff
 1
34
21
 2
27
20
ffff
0
106
21
 2
41
114
31
ffff
 2
52
110
21
 2
 4
112
ffff
 3
127
50
ffff
 1
38
21
 2
 4
118
ffff
 3
94
103
73
ffff
 2
83
18
21
 2
108
 1
ffff
 2
63
127
26
ffff
 2
128
45
13
19
89
ffff
 2
24
79
21
 2
122
ffff
 2
124
90
86
ffff
 1
112
70
79
21
 2
108
98
ffff
 2
 8
11
21
 2
41
40
ffff
 3
82
84
ffff
 1
18
21
 2
27
97
ffff
 2
83
94
ffff
 1
14
111
13
19
ffff
 1
60
21
 2
11
ffff
 3
76
38
21
 2
108
98
53
ffff
 2
117
96
19
ffff
 2
89
18
21
 2
80
67
ffff
 3
47
44
123
ffff
 3
53
100
14
ffff
 2
28
56
13
19
104
ffff
 2
26
118
13
19
119
ffff
 2
87
67
56
ffff
 1
68
13
ffff
 3
121
63
83
57
ffff
 1
104
11
ffff
 2
120
112
70
114
62
ffff
 2
24
79
21
 2
108
54
ffff
0
13
19
118
ffff
 4
72
30
25
ffff
 3
128
97
ffff
 3
121
27
89
ffff
 3
113
60
21
 2
122
117
ffff
 2
102
11
ffff
 2
 4
112
70
79
21
 2
41
40
ffff
 1
18
21
 2
41
114
31
96
ffff
 2
79
21
 2
43
92
ffff
 2
112
70
114
31
128
45
ffff
 4
55
103
98
78
12
ffff
 3
45
55
ffff
 3
95
18
ffff
 1
41
14
ffff
 3
36
56
12
ffff
 2
41
17
48
ffff
 2
63
90
70
114
31
0
